4 410.8222811671087 226.52122641509433 129.0185676392573 149.43396226415092
5 929.160035366932 272.37028301886795 135.8090185676392 152.8301886792453
2 832.9619805481875 168.78537735849056 190.132625994695 187.92452830188677
5 483.2537577365164 175.57783018867923 224.08488063660474 215.0943396226415
4 596.9938107869143 253.69103773584902 229.74358974358972 206.0377358490566
3 437.98408488063666 198.2193396226415 244.45623342175065 221.8867924528302
5 437.98408488063666 198.2193396226415 244.45623342175065 221.8867924528302
5 912.183908045977 413.8797169811321 235.40229885057477 220.7547169811321
3 353.1034482758621 212.93632075471697 196.92307692307702 163.0188679245283
5 907.0910698496906 270.6721698113207 166.36604774535817 174.3396226415095
4 439.681697612732 374.8231132075471 250.11494252873553 292.0754716981131
2 802.4049513704686 238.97405660377356 221.8213969938107 235.47169811320754
0 607.1794871794871 187.46462264150944 141.46772767462426 148.30188679245285
2 409.1246684350133 248.59669811320754 152.78514588859423 175.47169811320757
5 769.0185676392573 200.48349056603774 189.000884173298 160.7547169811321
5 360.45977011494256 222.55896226415092 114.30592396109637 166.41509433962267
1 648.4880636604773 160.86084905660374 133.54553492484536 129.05660377358487
0 946.136162687887 161.42688679245285 90.53934571175944 143.77358490566036
3 1235.296198054819 189.1627358490566 87.14412024756848 120.0
0 642.8293545534925 342.55896226415086 133.54553492484513 112.07547169811318
1 896.3395225464192 340.8608490566038 126.75508399646321 106.41509433962261
5 673.3863837312115 111.61556603773585 104.12024756852338 103.0188679245283
3 397.2413793103448 485.76650943396226 115.43766578249335 101.8867924528302
0 805.8001768346597 171.61556603773582 203.71352785145905 177.73584905660374
1 439.11582670203364 150.67216981132077 199.186560565871 174.33962264150946
5 406.8611847922193 176.14386792452834 170.89301503094606 191.32075471698118
1 686.4014146772768 201.61556603773585 207.10875331565012 192.4528301886792
2 499.66401414677273 306.33254716981133 254.6419098143237 250.18867924528308
1 546.631299734748 198.21933962264148 190.13262599469493 165.2830188679245
0 745.817860300619 164.82311320754718 153.9168877099911 164.15094339622647
4 740.159151193634 261.0495283018868 282.9354553492485 295.4716981132076
1 598.1255526083112 202.1816037735849 245.58797524314775 232.07547169811318
0 692.6259946949601 231.04952830188682 255.77365163572074 253.58490566037736
5 438.5499557913351 181.2382075471698 166.36604774535806 185.66037735849054
1 976.1273209549072 186.89858490566039 202.58178603006183 212.83018867924528
2 808.6295313881521 361.2382075471698 189.000884173298 192.45283018867917
4 556.8169761273209 193.69103773584905 237.66578249336862 233.20754716981133
1 740.159151193634 187.46462264150944 258.0371352785145 223.0188679245283
2 617.9310344827586 217.46462264150944 190.1326259946951 178.86792452830187
2 701.6799292661361 315.3891509433962 264.8275862068965 247.92452830188677
2 422.70557029177724 212.93632075471697 145.9946949602122 122.2641509433962
4 825.605658709107 226.52122641509433 152.78514588859423 158.49056603773585
0 318.0194518125553 118.97405660377359 58.85057471264366 61.1320754716981
2 611.7064544650751 158.03066037735852 59.98231653404082 60.00000000000003
4 977.8249336870026 147.8419811320755 86.0123784261715 78.11320754716985
5 663.7665782493369 235.57783018867926 259.1688770999117 249.05660377358498
2 581.1494252873564 224.2570754716981 139.20424403183029 138.11320754716982
3 853.3333333333333 378.7853773584905 181.078691423519 177.73584905660368
3 634.3412908930151 203.31367924528303 198.054818744474 238.86792452830187
3 601.5207780725023 271.8042452830189 209.37223695844398 240.0
0 317.4535809018568 254.82311320754715 69.03625110521659 67.92452830188682
1 599.8231653404066 191.42688679245285 70.16799292661369 67.92452830188682
3 659.8054818744474 378.2193396226414 88.27586206896558 76.98113207547163
5 855.0309460654289 227.65330188679246 179.94694960212223 215.09433962264154
2 469.106984969054 199.91745283018867 213.89920424403186 207.16981132075475
5 611.1405835543766 246.89858490566036 248.9832007073387 296.60377358490564
1 165.23430592396113 191.42688679245282 208.2404951370469 208.30188679245282
2 679.6109637488947 215.7665094339623 193.52785145888606 195.84905660377365
4 748.6472148541116 404.2570754716981 116.56940760389045 156.2264150943396
5 1173.0503978779843 387.8419811320755 177.6834659593278 229.81132075471697
4 676.7816091954023 258.2193396226415 312.3607427055704 312.4528301886793
5 607.1794871794872 227.65330188679246 259.1688770999115 271.6981132075472
0 666.5959328028293 224.82311320754718 185.60565870910693 232.07547169811323
3 699.4164456233423 351.6155660377358 158.44385499557893 175.47169811320754
5 714.6949602122016 159.72877358490567 145.9946949602122 174.3396226415095
4 595.8620689655172 237.27594339622644 222.9531388152078 256.98113207547175
2 683.0061892130859 251.99292452830187 143.73121131741811 152.83018867924528
4 589.0716180371353 126.3325471698113 125.62334217506634 127.92452830188677
3 333.8638373121132 484.0683962264151 124.49160035366936 125.6603773584905
2 928.028293545535 384.4457547169811 97.32979664014135 121.13207547169816
3 431.19363395225463 191.9929245283019 162.970822281167 189.05660377358492
4 666.0300618921308 190.29481132075472 179.9469496021219 190.18867924528297
2 930.8576480990275 207.84198113207543 121.09637488947862 146.0377358490566
3 750.344827586207 179.54009433962264 246.71971706454474 198.1132075471698
0 363.28912466843497 231.61556603773585 224.08488063660474 216.2264150943396
2 523.4305923961098 274.0683962264151 216.16268788682595 230.94339622641513
1 809.7612732095491 168.78537735849056 207.10875331564966 178.86792452830187
5 735.0663129973475 191.99292452830187 250.1149425287357 286.4150943396226
2 371.211317418214 114.44575471698111 108.64721485411138 104.15094339622638
0 723.7488947833776 318.7853773584906 114.30592396109648 118.86792452830196
3 864.0848806366048 290.48349056603774 93.93457117595028 96.22641509433961
3 617.3651635720602 211.23820754716982 265.9593280282936 261.50943396226415
1 620.1945181255526 208.9740566037736 291.98938992042446 281.88679245283015
2 484.38549955791336 335.20047169811323 239.92926613616277 262.64150943396226
3 867.4801061007958 181.23820754716982 238.79752431476572 269.4339622641509
3 372.9089301503096 109.91745283018867 139.2042440318304 115.47169811320754
4 837.4889478337757 481.8042452830189 167.4977895667554 143.77358490566024
1 1218.885941644562 330.6721698113208 122.22811671087561 117.73584905660374
2 545.499557913351 208.97405660377362 129.0185676392573 125.66037735849062
4 709.602122015915 215.76650943396226 156.1803713527853 161.88679245283018
0 525.1282051282052 148.4080188679245 147.12643678160913 151.69811320754718
1 894.6419098143238 165.95518867924525 105.25198938992071 109.81132075471696
1 656.4102564102565 237.27594339622644 230.8753315649867 220.75471698113216
0 454.39434129089307 188.0306603773585 202.5817860300619 210.56603773584908
4 789.3899204244033 456.3325471698114 207.10875331565 178.86792452830196
5 539.2749778956676 200.48349056603774 150.52166224580014 181.13207547169813
0 550.5923961096375 146.70990566037733 136.9407603890363 116.60377358490561
1 872.0070733863839 146.70990566037733 150.52166224580037 116.60377358490561
2 316.32183908045977 216.33254716981133 150.52166224580014 129.05660377358492
4 699.9823165340407 198.2193396226415 150.52166224580014 160.75471698113205
4 630.3801945181256 218.0306603773585 181.078691423519 175.47169811320754
2 549.4606542882406 233.87971698113205 268.2228116710874 241.13207547169813
2 664.8983200707339 193.69103773584905 286.33068081343947 233.20754716981133
4 532.4845269672855 422.9363207547169 116.5694076038904 109.81132075471692
5 654.1467727674624 142.74764150943395 115.43766578249335 110.94339622641508
4 798.4438549955792 234.44575471698113 229.74358974358972 203.77358490566039
