4 346.31299734748006 75.90212264150944 129.0185676392573 149.43396226415092
5 861.2555260831124 97.97759433962266 135.8090185676392 152.8301886792453
2 737.89566755084 37.41155660377358 190.132625994695 187.92452830188677
5 371.21131741821404 34.01533018867924 224.08488063660474 215.0943396226415
4 482.1220159151194 75.33608490566037 229.74358974358972 206.0377358490566
3 315.75596816976133 43.637971698113205 244.45623342175065 221.8867924528302
5 315.75596816976133 43.637971698113205 244.45623342175065 221.8867924528302
5 794.4827586206897 151.75117924528303 235.40229885057477 220.7547169811321
3 254.64190981432358 65.71344339622641 196.92307692307702 163.0188679245283
5 823.9080459770115 91.751179245283 166.36604774535817 174.3396226415095
4 314.6242263483643 114.39268867924528 250.11494252873553 292.0754716981131
2 691.4942528735633 60.6191037735849 221.8213969938107 235.47169811320754
0 536.4456233421749 56.6568396226415 141.46772767462426 148.30188679245285
2 332.7320954907162 80.43042452830188 152.78514588859423 175.47169811320757
5 674.5181255526084 60.053066037735846 189.000884173298 160.7547169811321
5 303.3068081343944 69.6757075471698 114.30592396109637 166.41509433962267
1 581.7152961980547 48.16627358490565 133.54553492484536 129.05660377358487
0 900.8664898320073 44.77004716981133 90.53934571175944 143.77358490566036
3 1191.7241379310346 64.5813679245283 87.14412024756848 120.0
0 576.0565870910699 143.26061320754715 133.54553492484513 112.07547169811318
1 832.9619805481875 143.82665094339623 126.75508399646321 106.41509433962261
5 621.3262599469498 30.053066037735853 104.12024756852338 103.0188679245283
3 339.52254641909815 217.41155660377356 115.43766578249335 101.8867924528302
0 703.9434129089302 41.37382075471698 203.71352785145905 177.73584905660374
1 339.52254641909815 31.751179245283016 199.186560565871 174.33962264150946
5 321.41467727674626 40.241745283018865 170.89301503094606 191.32075471698118
1 582.8470380194517 52.694575471698116 207.10875331565012 192.4528301886792
2 372.3430592396109 90.6191037735849 254.6419098143237 250.18867924528308
1 451.5649867374006 57.78891509433962 190.13262599469493 165.2830188679245
0 668.8594164456234 41.37382075471698 153.9168877099911 164.15094339622647
4 598.6914235190097 56.6568396226415 282.9354553492485 295.4716981132076
1 475.33156498673736 43.07193396226415 245.58797524314775 232.07547169811318
0 564.7391688770998 52.128537735849065 255.77365163572074 253.58490566037736
5 355.36693191865606 44.20400943396227 166.36604774535806 185.66037735849054
1 874.8364279398762 40.241745283018865 202.58178603006183 212.83018867924528
2 714.1290893015032 132.5058962264151 189.000884173298 192.45283018867917
4 437.9840848806366 38.5436320754717 237.66578249336862 233.20754716981133
1 611.1405835543768 37.97759433962264 258.0371352785145 223.0188679245283
2 522.8647214854111 64.01533018867924 190.1326259946951 178.86792452830187
2 569.2661361626879 95.71344339622641 264.8275862068965 247.92452830188677
2 349.70822281167113 75.90212264150944 145.9946949602122 122.2641509433962
4 749.21308576481 73.6379716981132 152.78514588859423 158.49056603773585
0 288.59416445623344 44.20400943396227 58.85057471264366 61.1320754716981
2 581.7152961980547 64.01533018867924 59.98231653404082 60.00000000000003
4 934.8187444739168 54.39268867924528 86.0123784261715 78.11320754716985
5 534.1821396993811 55.52476415094339 259.1688770999117 249.05660377358498
2 511.54730327144125 77.6002358490566 139.20424403183029 138.11320754716982
3 762.7939876215738 144.95872641509433 181.078691423519 177.73584905660368
3 535.3138815207781 41.93985849056604 198.054818744474 238.86792452830187
3 496.8346595932803 75.90212264150944 209.37223695844398 240.0
0 282.9354553492485 110.43042452830187 69.03625110521659 67.92452830188682
1 564.7391688770998 78.73231132075472 70.16799292661369 67.92452830188682
3 615.6675508399646 169.86438679245282 88.27586206896558 76.98113207547163
5 765.0574712643678 60.053066037735846 179.94694960212223 215.09433962264154
2 362.15738284703804 48.16627358490565 213.89920424403186 207.16981132075475
5 486.6489832007072 49.298349056603776 248.9832007073387 296.60377358490564
1 61.11405835543767 43.637971698113205 208.2404951370469 208.30188679245282
2 582.8470380194517 58.92099056603774 193.52785145888606 195.84905660377365
4 690.3625110521663 163.07193396226415 116.56940760389045 156.2264150943396
5 1084.2086648983204 136.4681603773585 177.6834659593278 229.81132075471697
4 520.6012378426171 50.996462264150935 312.3607427055704 312.4528301886793
5 477.5950486295314 45.902122641509436 259.1688770999115 271.6981132075472
0 573.7931034482759 54.39268867924528 185.60565870910693 232.07547169811323
3 620.1945181255528 131.93985849056602 158.44385499557893 175.47169811320754
5 641.6976127320955 36.27948113207547 145.9946949602122 174.3396226415095
4 484.38549955791336 54.39268867924528 222.9531388152078 256.98113207547175
2 611.1405835543768 87.78891509433961 143.73121131741811 152.83018867924528
4 526.2599469496022 31.18514150943396 125.62334217506634 127.92452830188677
3 271.61803713527854 210.6191037735849 124.49160035366936 125.6603773584905
2 879.3633952254643 161.93985849056602 97.32979664014135 121.13207547169816
3 349.70822281167113 48.73231132075472 162.970822281167 189.05660377358492
4 576.0565870910699 47.60023584905661 179.9469496021219 190.18867924528297
2 870.3094606542882 67.41155660377358 121.09637488947862 146.0377358490566
3 626.9849690539346 40.241745283018865 246.71971706454474 198.1132075471698
0 251.24668435013263 61.75117924528302 224.08488063660474 216.2264150943396
2 415.3492484526968 79.29834905660377 216.16268788682595 230.94339622641513
1 706.2068965517243 39.67570754716981 207.10875331564966 178.86792452830187
5 610.0088417329797 24.392688679245282 250.1149425287357 286.4150943396226
2 316.88770999115826 31.18514150943396 108.64721485411138 104.15094339622638
0 666.5959328028293 129.67570754716982 114.30592396109648 118.86792452830196
3 817.1175950486296 121.18514150943396 93.93457117595028 96.22641509433961
3 484.38549955791336 40.241745283018865 265.9593280282936 261.50943396226415
1 474.1998231653403 34.01533018867924 291.98938992042446 281.88679245283015
2 364.420866489832 101.93985849056604 239.92926613616277 262.64150943396226
3 748.0813439434129 23.260613207547173 238.79752431476572 269.4339622641509
3 303.3068081343944 26.09080188679245 139.2042440318304 115.47169811320754
4 753.7400530503979 204.9587264150944 167.4977895667554 143.77358490566024
1 1157.7718832891244 135.90212264150946 122.22811671087561 117.73584905660374
2 480.9902740937224 73.07193396226415 129.0185676392573 125.66037735849062
4 631.5119363395224 67.41155660377358 156.1803713527853 161.88679245283018
0 451.5649867374006 36.27948113207547 147.12643678160913 151.69811320754718
1 842.0159151193634 55.52476415094339 105.25198938992071 109.81132075471696
1 540.9725906277631 63.44929245283018 230.8753315649867 220.75471698113216
0 353.10344827586215 41.37382075471698 202.5817860300619 210.56603773584908
4 685.8355437665782 183.4492924528302 207.10875331565 178.86792452830196
5 464.0141467727675 54.95872641509435 150.52166224580014 181.13207547169813
0 482.1220159151194 44.20400943396227 136.9407603890363 116.60377358490561
1 796.7462422634837 44.20400943396227 150.52166224580037 116.60377358490561
2 241.0610079575597 75.90212264150944 150.52166224580014 129.05660377358492
4 624.7214854111406 58.92099056603774 150.52166224580014 160.75471698113205
4 539.8408488063661 65.14740566037736 181.078691423519 175.47169811320754
2 415.3492484526968 56.6568396226415 268.2228116710874 241.13207547169813
2 521.7329796640141 38.5436320754717 286.33068081343947 233.20754716981133
4 474.1998231653403 184.01533018867923 116.5694076038904 109.81132075471692
5 596.4279398762158 43.637971698113205 115.43766578249335 110.94339622641508
4 683.5720601237842 66.27948113207547 229.74358974358972 203.77358490566039
